validation_loss:0.29483437353378494
train_loss:0.12814329646376163
test_loss:0.171460185790263